cx: 2056.0
cy: 752.0
fx: 7246.4
fy: 7246.4
height: 1504
k1: 0.0
k2: 0.0
k3: 0.0
k4: 0.0
k5: 0.0
k6: 0.0
p1: 0.0
p2: 0.0
width: 4112
