Tx: -2.097575702635599
Ty: -0.024281606252899778
Tz: -0.097911058162765
euler_x_deg: -0.11468406108524666
euler_y_deg: 0.12324700999999989
euler_z_deg: 0.6753694086149445
